# Annual Returns on T.Bonds and T.Bills
# 
# http://pages.stern.nyu.edu/~adamodar/New_Home_Page/datafile/histretSP.html
# 
# Year   3-month T-Bill    10-year T-Bond
# 1928   3.08              0.84
# 1929   3.16              4.20
# 1930   4.55              4.54
# 1931   2.31              -2.56
# 1932   1.07              8.79
# 1933   0.96              1.86
# 1934   0.32              7.96
# 1935   0.18              4.47
# 1936   0.17              5.02
# 1937   0.30              1.38
# 1938   0.08              4.21
# 1939   0.04              4.41
# 1940   0.03              5.40
# 1941   0.08              -2.02
# 1942   0.34              2.29
# 1943   0.38              2.49
# 1944   0.38              2.58
# 1945   0.38              3.80
# 1946   0.38              3.13
# 1947   0.57              0.92
# 1948   1.02              1.95
# 1949   1.10              4.66
# 1950   1.17              0.43
# 1951   1.48              -0.30
# 1952   1.67              2.27
# 1953   1.89              4.14
# 1954   0.96              3.29
# 1955   1.66              -1.34
# 1956   2.56              -2.26
# 1957   3.23              6.80
# 1958   1.78              -2.10
# 1959   3.26              -2.65
# 1960   3.05              11.64
# 1961   2.27              2.06
# 1962   2.78              5.69
# 1963   3.11              1.68
# 1964   3.51              3.73
# 1965   3.90              0.72
# 1966   4.84              2.91
# 1967   4.33              -1.58
# 1968   5.26              3.27
# 1969   6.56              -5.01
# 1970   6.69              16.75
# 1971   4.54              9.79
# 1972   3.95              2.82
# 1973   6.73              3.66
# 1974   7.78              1.99
# 1975   5.99              3.61
# 1976   4.97              15.98
# 1977   5.13              1.29
# 1978   6.93              -0.78
# 1979   9.94              0.67
# 1980   11.22              -2.99
# 1981   14.30              8.20
# 1982   11.01              32.81
# 1983   8.45              3.20
# 1984   9.61              13.73
# 1985   7.49              25.71
# 1986   6.04              24.28
# 1987   5.72              -4.96
# 1988   6.45              8.22
# 1989   8.11              17.69
# 1990   7.55              6.24
# 1991   5.61              15.00
# 1992   3.41              9.36
# 1993   2.98              14.21
# 1994   3.99              -8.04
# 1995   5.52              23.48
# 1996   5.02              1.43
# 1997   5.05              9.94
# 1998   4.73              14.92
# 1999   4.51              -8.25
# 2000   5.76              16.66
# 2001   3.67              5.57
# 2002   1.66              15.12
# 2003   1.03              0.38
# 2004   1.23              4.49
# 2005   3.01              2.87
# 2006   4.68              1.96
# 2007   4.64              10.21
# 2008   1.59              20.10
# 2009   0.14              -11.12
# 2010   0.13              8.46
# 2011   0.03              16.04
# 2012   0.05              2.97
# 2013   0.07              -9.10
# 2014   0.05              10.75
# 2015   0.21              1.28
# 2016   0.51              0.69
# 2017   1.39              2.80

tbills_since_1928 = [ 3.08 , 3.16 , 4.55 , 2.31 , 1.07 , 0.96 , 0.32 , 0.18 , 0.17 , 0.30 , 0.08 , 0.04 , 0.03 , 0.08 , 0.34 , 0.38 , 0.38 , 0.38 , 0.38 , 0.57 , 1.02 , 1.10 , 1.17 , 1.48 , 1.67 , 1.89 , 0.96 , 1.66 , 2.56 , 3.23 , 1.78 , 3.26 , 3.05 , 2.27 , 2.78 , 3.11 , 3.51 , 3.90 , 4.84 , 4.33 , 5.26 , 6.56 , 6.69 , 4.54 , 3.95 , 6.73 , 7.78 , 5.99 , 4.97 , 5.13 , 6.93 , 9.94 , 11.22 , 14.30 , 11.01 , 8.45 , 9.61 , 7.49 , 6.04 , 5.72 , 6.45 , 8.11 , 7.55 , 5.61 , 3.41 , 2.98 , 3.99 , 5.52 , 5.02 , 5.05 , 4.73 , 4.51 , 5.76 , 3.67 , 1.66 , 1.03 , 1.23 , 3.01 , 4.68 , 4.64 , 1.59 , 0.14 , 0.13 , 0.03 , 0.05 , 0.07 , 0.05 , 0.21 , 0.51 , 1.39 ]

tbills_since_1990 = [ 7.55 , 5.61 , 3.41 , 2.98 , 3.99 , 5.52 , 5.02 , 5.05 , 4.73 , 4.51 , 5.76 , 3.67 , 1.66 , 1.03 , 1.23 , 3.01 , 4.68 , 4.64 , 1.59 , 0.14 , 0.13 , 0.03 , 0.05 , 0.07 , 0.05 , 0.21 , 0.51 , 1.39 ]

tbills_since_2000 = [ 5.76 , 3.67 , 1.66 , 1.03 , 1.23 , 3.01 , 4.68 , 4.64 , 1.59 , 0.14 , 0.13 , 0.03 , 0.05 , 0.07 , 0.05 , 0.21 , 0.51 , 1.39 ]

tbonds_since_1928 = [0.84 , 4.20 , 4.54 , -2.56 , 8.79 , 1.86 , 7.96 , 4.47 , 5.02 , 1.38 , 4.21 , 4.41 , 5.40 , -2.02 , 2.29 , 2.49 , 2.58 , 3.80 , 3.13 , 0.92 , 1.95 , 4.66 , 0.43 , -0.30 , 2.27 , 4.14 , 3.29 , -1.34 , -2.26 , 6.80 , -2.10 , -2.65 , 11.64 , 2.06 , 5.69 , 1.68 , 3.73 , 0.72 , 2.91 , -1.58 , 3.27 , -5.01 , 16.75 , 9.79 , 2.82 , 3.66 , 1.99 , 3.61 , 15.98 , 1.29 , -0.78 , 0.67 ,  -2.99 ,  8.20 ,  32.81 , 3.20 , 13.73 , 25.71 , 24.28 , -4.96 , 8.22 , 17.69 , 6.24 , 15.00 , 9.36 , 14.21 , -8.04 , 23.48 , 1.43 , 9.94 , 14.92 , -8.25 , 16.66 , 5.57 , 15.12 , 0.38 , 4.49 , 2.87 , 1.96 , 10.21 , 20.10 , -11.12 , 8.46 , 16.04 , 2.97 , -9.10 , 10.75 , 1.28 , 0.69 , 2.80]

tbonds_since_1990 = [ 6.24 , 15.00 , 9.36 , 14.21 , -8.04 , 23.48 , 1.43 , 9.94 , 14.92 , -8.25 , 16.66 , 5.57 , 15.12 , 0.38 , 4.49 , 2.87 , 1.96 , 10.21 , 20.10 , -11.12 , 8.46 , 16.04 , 2.97 , -9.10 , 10.75 , 1.28 , 0.69 , 2.80 ]

tbonds_since_2000 = [ 16.66 , 5.57 , 15.12 , 0.38 , 4.49 , 2.87 , 1.96 , 10.21 , 20.10 , -11.12 , 8.46 , 16.04 , 2.97 , -9.10 , 10.75 , 1.28 , 0.69 , 2.80 ]

print("T.Bills since 1928: %.3f%%" % (sum(tbills_since_1928) / len(tbills_since_1928)))
print("T.Bills since 1990: %.3f%%" % (sum(tbills_since_1990) / len(tbills_since_1990)))
print("T.Bills since 2000: %.3f%%" % (sum(tbills_since_2000) / len(tbills_since_2000)))
print("T.Bonds since 1928: %.3f%%" % (sum(tbonds_since_1928) / len(tbonds_since_1928)))
print("T.Bonds since 1990: %.3f%%" % (sum(tbonds_since_1990) / len(tbonds_since_1990)))
print("T.Bonds since 2000: %.3f%%" % (sum(tbonds_since_2000) / len(tbonds_since_2000)))
